764269,1
764269,2
764269,3
764269,4
764269,5
764269,6
764269,7
764269,8
764269,9
764269,10
764269,11
764269,12
764269,13
764269,14
764269,15
764269,16
764269,17
764269,18
764269,19
764269,20
987654,21
987654,22
987654,23
987654,24
987654,25
987654,26
987654,27
987654,28
987654,29
987654,30
987654,31
987654,32
987654,33
987654,34
987654,35
987654,36
987654,37
987654,38
987654,39
987654,40
234567,41
234567,42
234567,43
234567,44
234567,45
234567,46
234567,47
234567,48
234567,49
234567,50
234567,51
234567,52
234567,53
234567,54
234567,55
234567,56
234567,57
234567,58
234567,59
234567,60
876543,61
876543,62
876543,63
876543,64
876543,65
876543,66
876543,67
876543,68
876543,69
876543,70
876543,71
876543,72
876543,73
876543,74
876543,75
876543,76
876543,77
876543,78
876543,79
876543,80
345678,81
345678,82
345678,83
345678,84
345678,85
345678,86
345678,87
345678,88
345678,89
345678,90
345678,91
345678,92
345678,93
345678,94
345678,95
345678,96
345678,97
345678,98
345678,99
345678,100
765432,101
765432,102
765432,103
765432,104
765432,105
765432,106
765432,107
765432,108
765432,109
765432,110
765432,111
765432,112
765432,113
765432,114
765432,115
765432,116
765432,117
765432,118
765432,119
765432,120
456789,121
456789,122
456789,123
456789,124
456789,125
456789,126
456789,127
456789,128
456789,129
456789,130
456789,131
456789,132
456789,133
456789,134
456789,135
456789,136
456789,137
456789,138
456789,139
456789,140
654321,141
654321,142
654321,143
654321,144
654321,145
654321,146
654321,147
654321,148
654321,149
654321,150
654321,151
654321,152
654321,153
654321,154
654321,155
654321,156
654321,157
654321,158
654321,159
654321,160
567890,161
567890,162
567890,163
567890,164
567890,165
567890,166
567890,167
567890,168
567890,169
567890,170
567890,171
567890,172
567890,173
567890,174
567890,175
567890,176
567890,177
567890,178
567890,179
567890,180
987652,181
987652,182
987652,183
987652,184
987652,185
987652,186
987652,187
987652,188
987652,189
987652,190
987652,191
987652,192
987652,193
987652,194
987652,195
987652,196
987652,197
987652,198
987652,199
987652,200
109024,201
109024,202
109024,203
109024,204
109024,205
109024,206
109024,207
109024,208
109024,209
109024,210
109024,211
109024,212
109024,213
109024,214
109024,215
109024,216
109024,217
109024,218
109024,219
109024,220
119002,221
119002,222
119002,223
119002,224
119002,225
119002,226
119002,227
119002,228
119002,229
119002,230
119002,231
119002,232
119002,233
119002,234
119002,235
119002,236
119002,237
119002,238
119002,239
119002,240
789012,241
789012,242
789012,243
789012,244
789012,245
789012,246
789012,247
789012,248
789012,249
789012,250
789012,251
789012,252
789012,253
789012,254
789012,255
789012,256
789012,257
789012,258
789012,259
789012,260
990465,261
990465,262
990465,263
990465,264
990465,265
990465,266
990465,267
990465,268
990465,269
990465,270
990465,271
990465,272
990465,273
990465,274
990465,275
990465,276
990465,277
990465,278
990465,279
990465,280
128979,281
128979,282
128979,283
128979,284
128979,285
128979,286
128979,287
128979,288
128979,289
128979,290
128979,291
128979,292
128979,293
128979,294
128979,295
128979,296
128979,297
128979,298
128979,299
128979,300
